x
0.00981614657376468
0.00902412661648716
0.0094336856889364
0.00907866807245337
0.010478274689012
0.00993756988112247
0.0104411040895856
0.00962331596003392
0.00894022751939816
0.0101600497553335
0.0099255929493341
0.0103861273531214
0.00961126875455751
0.00923478479758781
0.00954113833739911
0.010495578729273
0.00969976119692197
0.00980998005877403
0.00955087841498005
0.0093773882113348
0.0090026490960785
0.0101813222702767
0.0104519173943666
0.00926978916482125
0.010080474961928
0.00952753546202835
0.0100496716956663
0.0103798471420029
0.00994972605550237
0.0105333946809408
0.00991809409537564
0.0101728207477674
0.00996872890088303
0.00918542483176045
0.0100334836931825
0.0101038147414759
0.0104631467196809
0.0100368992367839
0.0109465148373166
0.00985281743308023
0.00959097465892265
0.00954101419118302
0.010308830642883
0.0101582825566028
0.0101058560487105
0.0103526335354452
0.0103612196193966
0.0103972987298632
0.00981330739390735
0.00959723862732144
0.0100506549728988
0.00973659935826702
0.00939736269368501
0.00996037449235477
0.00978869497191108
0.00998818895388132
0.010021622828737
0.00977530776935631
0.00917558411087447
0.00968458013621638
0.0103916216252635
0.0103462214506735
0.0094774374468073
0.00963985099498982
0.0113200207944263
0.00892353295877332
0.00961505922927128
0.0103826248130202
0.0104859712453127
0.00999672073886788
0.0103242718655275
0.00970910368470985
0.00991712331395752
0.00976248043066565
0.0105910754537979
0.00982326230083529
0.0100677239324666
0.0101099770241488
0.0105064393458967
0.00983666209968085
0.00940027918783689
0.00978724230968929
0.00987161735536821
0.00999389817521307
0.00946848439351798
0.00976158874445094
0.0100013082699418
0.00970556148269817
0.00997058424326833
0.00962864141654763
0.00989241756933636
0.0104699751683857
0.00996972924414238
0.0104095798023782
0.00959879609117242
0.00960277586944504
0.0102513997296843
0.00938450244158993
0.00969808369312024
0.0102346160706773
0.00959297949562508
0.0090094253328712
0.0102151161239474
0.0096268017790923
0.00989860937910634
0.00918807083610271
0.0108328341486946
0.00969185628660747
0.0100147913375228
0.0106040861064396
0.00979279310678501
0.0105343801735863
0.00957087646170681
0.00977186800339172
0.0103875458559205
0.010078951837997
0.00931372967131912
0.0100199695612966
0.00977754344962115
0.00942035691178713
0.00911622149168387
0.00966678973318482
0.00941994224056932
0.00971382219672326
0.0103009379347851
0.0104568402638221
0.010415549583587
0.0101585371921055
0.0109254774745409
0.0101511562911874
0.00947364462983347
0.00922576321049659
0.0100323326174833
0.00960383270742435
0.00956910667205329
0.00978770239231217
0.00984042368318674
0.00949546587184978
0.00990608987344969
0.0096239391501168
0.0107456550901385
0.0103641870465356
0.00987018325088362
0.00923089739727383
0.00960387460897428
0.00954740780738158
0.00969013589858812
0.00990786719953918
0.00939693297838251
0.00994945095620733
0.0100577997107218
0.00985891443436111
0.0103632644170136
0.0103250876175152
0.0101060056839546
0.00979072969431182
0.0100861457394576
0.00960299284959725
0.00983832972628646
0.0111198650602529
0.0105705111670485
0.0102757051590993
0.0103499322648452
0.00989937330366325
0.0096305143872318
0.00954318310828305
0.00977703015239065
0.00948040655158722
0.0104470348870065
0.0103932346772105
0.00957822517565476
0.00978837650540534
0.0100228416671599
0.00985106857996469
0.0104514747578019
0.00964026175788248
0.00999089154459363
0.0100913900041584
0.0102167001713285
0.0106361080307194
0.0103284384150071
0.0106059324483335
0.0107092921910328
0.0099336155200967
0.00968878976080773
0.00975566443791273
0.00989806271437721
0.0102723807914414
0.00931854347806267
0.00924514396373237
0.0098224452224473
0.0101676977819073
0.0103354079528095
0.00993656044564609
0.0101638995036146
0.00922356765519191
0.0105986705997724
0.00949196203746034
0.00992812289737467
0.00961150825283695
0.00977441539637299
0.00928226017301656
0.010380609088042
0.0100305991052901
0.0103618904981405
0.00959757210127962
0.00964761429758938
0.00938058117850636
0.00937237417131204
0.0097899817108426
0.0107649583830942
0.00934111409832223
0.0104632847874314
0.0106157680990799
0.010241425149282
0.00930078189782964
0.0106792878229655
0.0105008570067088
0.00962340295414251
0.010158000210502
0.00921227213732472
0.00976294842334484
0.0100251826400893
0.0100719861441123
0.0110497337360371
0.0104665319494296
0.00985950472271759
0.010087402280947
0.00968582128824288
0.00972310881228029
0.0102542624437194
0.00984352120809475
0.00966428160178445
0.0103820629184926
0.00961021225960203
0.0114086495367176
0.0104648506857781
0.00960487388199273
0.00975634171696924
0.00945039984020189
0.0104086043045889
0.00962331177339331
0.00993893551277353
0.0101253758180328
0.0106246555652659
0.00911628220082349
0.0100199163185128
0.00939546870842927
0.0097384593114792
0.0103496557404807
0.0110198012981463
0.00979172220519575
0.010313911222477
0.010256822007502
0.00920642899785879
0.00953090103775362
0.00992113302066876
0.0094707419772386
0.00907199843941139
0.00938585708333101
0.0102347694877287
0.00999079715169351
0.0104625023257201
0.0092680450091935
0.0100766507677533
0.0102166301467796
0.00964555682984116
0.0102874442238039
0.00992385140503346
0.00981012794500131
0.00930337914418997
0.0105138303956439
0.00941221781527181
0.0104872371955904
0.0104062135200464
0.00964101906642531
0.00962213354655654
0.00976938802303723
0.00957378369991077
0.0100963572455956
0.00976722489347576
0.0102027376436022
0.00998125886727452
0.00978083427801427
0.0102491675662497
0.0101643779678154
0.00993057553283579
0.00974499492039814
0.00937487290639319
0.0103869801963913
0.00924977057562305
0.0102123348792606
0.00972623010663992
0.0100388413744765
0.00964495834040439
0.01006400951522
0.00978373929518987
0.0105101085730847
0.00946620047589161
0.0101397511606439
0.0103747129435745
0.00971720502551649
0.00971776497917391
0.00983094573198369
0.00935452674818506
0.00920869174852598
0.0101835970837437
0.0101414075977931
0.00998426444834151
0.00956259650710634
0.00995204669426041
0.00913550231650963
0.010124337031076
0.00992143080409106
0.00989641556084364
0.0103444867722202
0.0104059653689075
0.00979468015535583
0.0094477505515609
0.00982728069073348
0.00989147565789429
0.00975786608843367
0.0101286539981235
0.00932694826641273
0.0103144255627678
0.0101432691624585
0.0101472601422002
0.0097954656453925
0.0101172323425521
0.0105538045845605
0.00935691314125038
0.00987021492074967
0.0103985800626922
0.0107244212248456
0.00962182237321444
0.010642839329114
0.0101398839328965
0.0102898708501209
0.010536087380885
0.0103044499594246
0.0101689596175334
0.00942719477151183
0.0096610715919593
0.0103324955265412
0.0107917011018607
0.0102332614179706
0.0107624621007833
0.0103931070463463
0.010380131255849
0.00983728599732899
0.0104655879574223
0.0101374766351471
0.00992593203123022
0.0098249570677631
0.0102477616623193
0.00982792014131561
0.0105301838433598
0.00958344026213691
0.0105530453174562
0.0101358356641345
0.00967640197189073
0.0100874641873799
0.00976192604781414
0.0100647043717772
0.0094608223979703
0.00980355581289307
0.0108100471570638
0.0101041512718816
0.00973533967874299
0.0096021828631605
0.0104295261980695
0.0100550376560282
0.00953239516805204
0.00902564124879052
0.0097743827751311
0.0103244182878288
0.00989920127989323
0.00932029839718958
0.0097627400425637
0.0105688425806946
0.0103685022406119
0.0100041451782049
0.00971870720864271
0.00988785808626253
0.0097123754337387
0.0103880096857559
0.0108947386505242
0.0100203096182293
0.00963625791486854
0.010005147350498
0.0102347012670209
0.0104529697255657
0.0100973738637185
0.0102278348704506
0.00932357441964291
0.0105397880193497
0.010051140423399
0.0104003032361752
0.0100941725154023
0.0107491384066491
0.00992163141674157
0.0109353774290165
0.00996607124645989
0.00987153663611551
0.010251538631442
0.0098896592013029
0.00972742731506405
0.0101661914941451
0.0102202892022264
0.00987159816423779
0.00989737148886445
0.0101489464302966
0.010181336457915
0.00962600081153813
0.00981834766247321
0.010139082296259
0.00915481527964443
0.0108079970917407
0.00945173019691997
0.0104763107304842
0.00971898785824967
0.00960214857515661
0.00960969260430936
0.00937368511965954
0.0095970741749987
0.0104548643455265
0.0103425181572127
0.0101449347231722
0.00936449788471951
0.0105191803903484
0.0101895193745315
0.0106352244391412
0.00961058857519556
0.00978731186960844
0.00946242879931292
0.00888080560046597
0.00968482689132573
0.00952565104867636
0.00953149955615575
0.00978978760919973
0.0101718621929042
0.0103367120649311
0.00934153555794012
0.0102116873152346
0.0106893491342909
0.00928311625127342
0.00954404162317431
0.010015634490601
0.0105576220325232
0.0107240472819022
0.010313715220572
0.00990846002235035
0.0100953626428397
0.00999982677538803
0.00998504389388856
0.00963401232861519
0.00938010206501659
0.0102879207373953
0.00981520056649353
0.0101722036455312
0.00935060591378662
0.00996456454069214
0.0103293582847425
0.0100342328600512
0.0102132726094602
0.00927311270866945
0.009825658619132
0.00949623786873189
0.0100269768436328
0.00945930886587909
0.0104549050000443
0.0090082470259065
0.0104315746235791
0.0101459583892411
0.0101757409747316
0.00988263680342778
0.00974053247856987
0.0101459396838358
0.0100653762491321
0.0101739984425533
0.00970154682513079
0.00999419310959481
0.00931954153637245
0.0100603501435072
0.00957791723841864
0.00981718046261915
0.0100853771986448
0.00985956375012761
0.0109767380582067
0.0106755054169889
0.00996355029011838
0.00986612228475029
0.0102086882580338
0.0101729955137309
0.00961086496046974
0.0098430356006883
0.00942500638719621
0.00979170399404868
0.00992063467749188
0.0096697137989359
0.0106811139218444
0.00956442489442754
0.00990816273096593
0.00986487232428329
0.00928500533270087
0.0104044183664276
0.010329544891731
0.00989033049893659
0.0103693486176307
0.00986961190544632
0.00984003669688978
0.0103718500100507
0.00950815818369708
0.00935743461329543
0.00969735667667603
0.00991776332864849
0.010664140605253
0.00915444579424908
0.00967279445986732
0.0107256816800689
0.00985783605341784
0.009503882754095
0.009856600137405
0.0101264092748162
0.00972061605792938
0.00907571849264681
0.00998455151084667
0.0106677787659606
0.0098094750120922
0.0108868017159017
0.0100266126100805
0.0100127906852053
0.0103029113700708
0.00973626823361116
0.0100598932067071
0.0100929556149619
0.00964314327204156
0.0093533840494151
0.00993251050690395
0.0105529233984792
0.00942327962541062
0.0109553822888348
0.00991659871246301
0.0110363431965333
0.0104913109725417
0.0104673953254468
0.00965318279174116
0.00976428669020841
0.00992867212315801
0.0102917049584578
0.0102254418523287
0.0100210802746767
0.00976940605970616
0.00985507736469582
0.0104396516742495
0.00880002238475352
0.0102065752142862
0.0102600445577101
0.00942108098424233
0.00975064005840725
0.0102617452922584
0.00975640321414275
0.0093162411431286
0.00980965174857026
0.00998251142534897
0.00886772789372721
0.0101511202673588
0.0105597987336178
0.0105295308814333
0.0095012925700417
0.00989501246466482
0.0104881728513329
0.0099004409726631
0.010107088403401
0.00994058711428338
0.0100219728261318
0.0100494027130396
0.0105534016869821
0.0105680989124256
0.0097239127388751
0.0106335585447559
0.0103759563627428
0.0101339877408205
0.00966913453593355
0.0105572437353397
0.0104177327901614
0.00966721392178347
0.00967616528424067
0.00997532387982366
0.0103386460464803
0.00983359549505226
0.00971043417666796
0.00993830685134701
0.0100791575134192
0.00967070944729492
0.0100254185855853
0.00979357914569242
0.0107208491363224
0.010428720113634
0.01007856465446
0.0104514435599032
0.00968488028468334
0.0107954144448547
0.0101187267148094
0.00961963193701503
0.010945716108891
0.010336229743683
0.00964997522915658
0.0101222927965517
0.0108633891681081
0.0102630036729499
0.0107576503032368
0.00973049464191819
0.00997456190599204
0.0100265291653842
0.00986280327553758
0.0102590311797585
0.00956147505634852
0.00989033219456678
0.0105179863919021
0.00990997794654926
0.0102292882121987
0.00918118612843554
0.010029749144902
0.009738178257779
0.0101931343681755
0.00986587413971596
0.00959224763471989
0.00924384245743299
0.00991817846043044
0.0100183324744381
0.0110310927537986
0.0103768063335932
0.0103539864541403
0.00995427963743169
0.00960919930920532
0.0100775029784272
0.0098061899905477
0.0107501674081799
0.01064808052792
0.0104099283355771
0.00970502502196673
0.00972627423479738
0.0101875738619833
0.00960352788045714
0.0104705168739781
0.00975736896481696
0.0106497988457878
0.00990930827324852
0.0109726962320362
0.0100786230354399
0.0100988308667131
0.00949344633700148
0.0101043757931833
0.0103259297301734
0.00948676857520756
0.00932039048952869
0.0110116399478447
0.0105834209471986
0.0100811821135322
0.010054211681662
0.0101965115598963
0.00933506460670367
0.0101672902745212
0.0103665848453607
0.0100635539207739
0.0103650427068315
0.0105547806000943
0.00983261276496833
0.00988446139526558
0.0105277190082846
0.0092065738485387
0.00974797244802134
0.0102782297570779
0.00960164996530487
0.00966311589336903
0.00956167269602212
0.0101519998856848
0.0102103482706345
0.00987245775863278
0.00947559738350397
0.0104039695488376
0.0101973144864358
0.0105247038391466
0.00974698047752851
0.0102814767391303
0.00975714798411567
0.00941565759772344
0.0103324837504521
0.0103338189392313
0.00955754373860197
0.00927436430488808
0.00937500067684462
0.00997893894897751
0.0109761264201697
0.010135972382804
0.00995812284680386
0.00965360693803488
0.00977252519048329
0.00984167073339991
0.00990598952506934
0.0103614386730993
0.00988070290909321
0.0101932973957423
0.0108220513831143
0.0103894249767148
0.0100027896553679
0.0098331953701662
0.00990763914803711
0.00991014010052649
0.00998561092005226
0.0100785437304237
0.00984527647629506
0.00941214150143025
0.0110807096958598
0.0102261486075959
0.0104009780266622
0.0100505543731083
0.0107010827536919
0.00965534765310071
0.00949661064442054
0.0103718393557755
0.0100135605503271
0.00942710626044408
0.00993529735114207
0.0101316470078142
0.0103676344175996
0.00987417590831717
0.00980000800793123
0.0106158873356672
0.00997616842633686
0.00930836826976184
0.00974333760638527
0.00996137311129102
0.0105263644311504
0.00988284554605058
0.0100045760629362
0.00993905619633566
0.00997743384918177
0.00999470938987867
0.0104640314158983
0.00959811659254215
0.00972740457693397
0.00986437755999276
0.009985920248581
0.0097994772370466
0.0103798182412238
0.0095406626311097
0.0104704558638441
0.00946509964809649
0.0100961161246999
0.0101864643023856
0.0104896887521249
0.0100124066447527
0.00975536804682677
0.00958858899271414
0.0098725628253816
0.00875965427089774
0.0106268245267804
0.00964574557127325
0.010253403501313
0.00972516939474391
0.00952706603994293
0.00970027300031931
0.0101115772925264
0.00974611216596496
0.00935469327926644
0.00934461217143141
0.00922908752085064
0.00963599717875278
0.0100690509415734
0.0105908599055842
0.0102085357648548
0.0102127636425017
0.0094915220405241
0.0102932471577641
0.0101137505488707
0.00929865890619802
0.00989445933842488
0.0095870203321809
0.0094184288091128
0.00943446217872825
0.00983059560490032
0.0102316436877226
0.00927702035970027
0.00916354467429558
0.00987309652593619
0.010473935060907
0.00989684445036256
0.0100346689782202
0.010190058831285
0.00860429887707878
0.00967978558975578
0.010109197098446
0.00914879104672765
0.00961942945042898
0.00963029088114398
0.0103517144689838
0.011343921083802
0.00997980682946982
0.0103015356501166
0.011411136404093
0.0106339642484371
0.0101879393382348
0.00986140681315719
0.010444247738698
0.0107731852957478
0.0107605318912869
0.0102065144731367
0.00904147679758624
0.00952337624968795
0.00941704580867054
0.00968728750278846
0.0102008627499191
0.00994773948383818
0.00897826901759286
0.00973798047387025
0.0103380646038064
0.00995106072963482
0.0103778138141331
0.00872042343569393
0.010237409374583
0.00936693547756173
0.0104860071230929
0.0103583588463193
0.00971541291785453
0.00973139427868785
0.00889814754060608
0.0100919923038698
0.0103017231558029
0.0109586668889151
0.0102734609294769
0.00981710079578719
0.00974213477203292
0.00960461942189162
0.00980983827312558
0.00947229422981228
0.0102759937665649
0.00954202138692285
0.00966000085694965
0.0103308971132896
0.00889381872694516
0.00980403611118726
0.00954878177043034
0.0102728467436716
0.00999568869700006
0.00966041058535684
0.00997471094306336
0.0103050786756745
0.00969622841618966
0.0100666971794411
0.00990195142820505
0.0100694870243948
0.0102952551085898
0.00972233291609182
0.010301250103449
0.00919903058630688
0.00968877930021488
0.00880718350159457
0.0106383868554821
0.0100410034125758
0.00928861250216458
0.0103321359242743
0.010542718890781
0.0102145879587587
0.00987209525896573
0.0102066306878172
0.0103774036345372
0.00999679461869334
0.0102025387834177
0.0101778887260589
0.010135415154495
0.00969580898808965
0.0102269087641299
0.0100109525024351
0.00935207569400078
0.0103702851434219
0.00987232930945472
0.00975406242560643
0.0108387301826494
0.0109604743589657
0.00948999591895984
0.00920798522219294
0.00944697978666027
0.010590843171299
0.0100380257014784
0.00962671791942929
0.0097311142203141
0.0102422033299654
0.00903749768598218
0.0101093716688808
0.0105404371760053
0.00989022811961402
0.00939823867471429
0.00980434321181932
0.010202624316869
0.00971465925300959
0.0100322548548473
0.0103152644183793
0.00918969977300579
0.00939179454361573
0.00905549726145431
0.00995211818101909
0.00943406594029912
0.00992880285056853
0.0104163221349741
0.00962261267555575
0.00968448358030683
0.00972811522573848
0.0100914988403197
0.00945815412034883
0.00955809312146681
0.00921882396472666
0.0102968953499025
0.0104245034416481
0.0103452518435147
0.00991440976242441
0.00928629844548284
0.00986950985476624
0.00960282650623455
0.0101791570056493
0.0103745180292034
0.00971794535559269
0.00998986380776949
0.0097491759146834
0.00989583407583989
0.00980318324937105
0.00988495214678731
0.0097940631947377
0.00962907377676294
0.0100384171792563
0.0099035919881724
0.0105351966210628
0.0100576496481918
0.0100706537097898
0.00935814160038535
0.0100249873230067
0.0100841423768276
0.00974925660384254
0.0100417534443841
0.00989689667939939
0.00983211489763262
0.00938134904023416
0.0102325769255259
0.0107383505774267
0.010130145874798
0.00977155758606897
0.0103249583270811
0.00973899981745826
0.0100661091586756
0.0096166205184288
0.00968670656771695
0.00984648509835978
0.00974205779482739
0.00946817886497733
0.0107768779346431
0.00949277989187045
0.0099899846205557
0.0101861887991094
0.00923755399133019
0.0101449536664616
0.00978389210789195
0.0107140840629356
0.00904521446388815
0.0114812488366838
0.00925902602034871
0.0098149626920241
0.00967941919221002
0.010121839657554
0.00987679834160443
0.00929967268767989
0.0100257597072217
0.0104738341606261
0.00948194055734894
0.00895161627433408
0.00971376780784201
0.0100639803314014
0.0104383415297524
0.00954807037025194
0.00990245902698552
0.0107483556207905
0.0106248390824297
0.0096277212654285
0.00990943073066456
0.00974758825838346
0.0101803217626278
0.0097546381235139
0.0106173187342936
0.0103246306158736
0.010015957390632
0.00976036423438619
0.00982244648372601
0.00955163903433576
0.00897643319087096
0.0099536331848812
0.0105392992150424
0.00976685641905672
0.010095705918103
0.00971023075791946
0.0100425594284964
